0.2955014
0.4344789
0.2270355
0.5243201
0.3624733
0.4866027
0.521113
0.6068558
0.3171142
0.4855467
0.7072644
0.2778508
0.5422477
0.4159109
0.5818142
0.4332192
0.3562392
0.3489053
0.5806514
0.5690121
0.1772824
0.5211218
0.3516565
0.5759645
0.4024661
0.3215101
0.608911
0.5045871
0.5375873
0.6352747
0.4040135
0.1956285
0.4937727
0.553372
0.7796365
0.5101859
0.4227956
0.5418956
0.5165289
0.4366876
0.1954205
0.3277972
0.3551914
0.5787095
0.5134677
0.3969381
0.62631
0.8112405
0.4466124
0.8763539
0.6760585
0.511905
0.5381448
0.565407
0.5627321
0.3282025
0.6549883
0.3222833
0.6464205
0.5534639
0.4811706
0.5828619
0.431211
0.8232043
0.3657707
0.3113559
0.5181326
0.6399488
0.5698403
0.4081644
0.4243161
0.4018295
0.7536139
0.5832269
0.64734
0.4437403
0.3926237
0.232423
0.3996308
0.6569548
0.4230889
0.4694154
0.5623551
0.152982
0.2152803
0.4389746
0.2997171
0.5707031
0.3750836
0.5132691
0.2892295
0.9331925
0.537715
0.81528
0.3532437
0.2621017
0.2453298
0.670152
0.4225834
0.5127252
