0.6337187
0.01932596
0.2958812
0.3769829
0.1283677
0.2423242
0.6562123
0.7779211
0.6671259
0.2512701
0.9447987
0.1647492
0.05516704
0.2377189
0.1886107
0.8192831
0.7663549
0.9880479
0.8928045
0.8173042
0.9135949
0.7868947
0.846756
0.7470944
0.2763234
0.1505542
0.6294069
0.7993654
0.9966444
0.7812552
0.09520076
0.281888
0.7065599
0.2967127
0.937776
0.4312784
0.2764258
0.4528507
0.6187348
0.04348259
0.1994929
0.3577144
0.2893845
0.8088455
0.2748669
0.9964303
0.2323642
0.1567303
0.04740185
0.5922391
0.1506859
0.2463589
0.9366289
0.01601593
0.3787412
0.3794914
0.9135482
0.4564895
0.01267819
0.2216968
0.03536141
0.06063074
0.690618
0.4327791
0.5527714
0.5746355
0.4790406
0.4445082
0.9362362
0.272711
0.8544075
0.8604881
0.5565503
0.2505557
0.7427207
0.6312527
0.6553298
0.5035236
0.9557117
0.2299122
0.2608926
0.01662367
0.1194335
0.8329728
0.6569792
0.4898383
0.8741156
0.2788298
0.5501147
0.2283079
0.9250661
0.3453272
0.1842862
0.3153857
0.2050043
0.51318
0.9699395
0.6689864
0.397002
0.4160478
