0.4828033
0.1661444
0.4927522
0.5356134
0.6722798
0.1716899
0.2217288
0.2561901
0.2438071
0.1954583
0.49534
0.3582785
0.4305899
0.7265575
0.4983709
0.4230281
0.4488673
0.4526196
0.1690753
0.3688704
0.4234494
0.5167094
0.3061935
0.7203078
0.3179364
0.4407699
0.6606742
0.493355
0.5124952
0.2003974
0.5217284
0.3982943
0.5712077
0.7147671
0.5688088
0.4497203
0.4521487
0.5478369
0.3211763
0.4889688
0.5762558
0.4992595
0.248776
0.4017932
0.559331
0.5209745
0.7091271
0.4555926
0.4693147
0.7109195
0.6169914
0.485475
0.5148365
0.4721551
0.4384504
0.4727792
0.3825364
0.6354488
0.6133642
0.495972
0.6715102
0.3484598
0.5582808
0.5147717
0.2583188
0.4377722
0.3336307
0.3558248
0.3146513
0.51783
0.6916835
0.459563
0.5733477
0.4958106
0.6932845
0.4362122
0.6406693
0.5375478
0.2518698
0.514012
0.460717
0.6811789
0.6585102
0.4685562
0.5973402
0.5926349
0.5286355
0.4695892
0.5005727
0.3757706
0.3989496
0.3377875
0.5583192
0.5436313
0.5103612
0.4562773
0.5712894
0.5224073
0.560425
0.2000375
