0.03109225
0.6734929
0.277233
0.7472643
0.07821717
0.7463591
0.664089
0.662444
0.8670433
0.02056902
0.4610316
0.7418982
0.3775129
0.7927382
0.9229223
0.9632193
0.8503397
0.7998395
0.4492864
0.05609362
0.9365819
0.5210206
0.9331603
0.325855
0.04533651
0.3909633
0.03288348
0.3945189
0.05904792
0.2131789
0.2278855
0.3581361
0.1418429
0.9417718
0.1288787
0.5034388
0.2511244
0.2062702
0.7447933
0.3217935
0.05774704
0.3912572
0.06360694
0.7290959
0.4752273
0.4444335
0.3273158
0.9616806
0.1395625
0.9857594
0.1141803
0.4925667
0.1278359
0.7004513
0.5862975
0.5541347
0.4385023
0.217853
0.2935713
0.5782759
0.2290172
0.919129
0.5909279
0.1684818
0.04068016
0.2717845
0.008320605
0.4206868
0.6073368
0.1268116
0.1180731
0.5249096
0.1046462
0.2209577
0.3482962
0.5613849
0.71588
0.9460043
0.6718258
0.06324103
0.331566
0.4524115
0.4153407
0.5860568
0.3875268
0.1018564
0.3165197
0.1083624
0.8696792
0.1150491
0.3624927
0.1656043
0.5290789
0.7142583
0.1213665
0.8900424
0.4126117
0.7444273
0.4782375
0.6868224
