0.3382399
0.7866444
0.4460825
0.298106
0.4429229
0.4597346
0.4580752
0.5320377
0.4895734
0.4485487
0.3682499
0.4796254
0.1479612
0.4343208
0.7797593
0.3642926
0.2710081
0.4616933
0.5252477
0.4355462
0.3873074
0.3445768
0.5597109
0.2078982
0.3821777
0.2476991
0.5520505
0.476526
0.4526031
0.4498504
0.394201
0.64579
0.6396722
0.3307353
0.4947895
0.4542575
0.2058028
0.4422566
0.5599438
0.09208597
0.3467705
0.3352361
0.5326512
0.5421911
0.4681391
0.5665178
0.5173092
0.4264408
0.2465604
0.1902678
0.7226921
0.6889417
0.4724268
0.3868245
0.5776367
0.6438212
0.3270734
0.5603136
0.7896662
0.4226923
0.4502372
0.606491
0.2984345
0.4961063
0.4893572
0.5687854
0.4580075
0.4707265
0.4164085
0.4297489
0.3477874
0.2049058
0.6820076
0.7388558
0.5428558
0.2306428
0.7874917
0.6138663
0.4300626
0.6711643
0.7136001
0.4603588
0.6312073
0.6338769
0.4174304
0.8432714
0.4634012
0.1573759
0.6346197
0.5474016
0.8573379
0.674325
0.6247924
0.4775974
0.4591448
0.5289167
0.2896956
0.2799522
0.4916305
0.5925699
