0.6098937
0.7168706
0.5251692
0.2713549
0.8045773
0.3485502
0.06405991
0.1247464
0.1676503
0.9831444
0.486082
0.4338869
0.8943337
0.4763033
0.2578193
0.3277786
0.6253975
0.6031559
0.9794331
0.9193522
0.3376909
0.6648613
0.6141359
0.8276524
0.07652262
0.5738764
0.3853382
0.7497527
0.6349174
0.6193223
0.6937829
0.9146564
0.2746956
0.348316
0.6001356
0.9915215
0.06128067
0.2816646
0.8384928
0.7831864
0.751346
0.9551848
0.5254245
0.1453835
0.6688998
0.8846114
0.6898772
0.6184338
0.7386506
0.7058466
0.6261442
0.460516
0.9491745
0.8961713
0.3425076
0.1423316
0.8418953
0.9289983
0.6993768
0.7308159
0.7832892
0.647592
0.1236426
0.1638748
0.6922327
0.6374767
0.1779663
0.08726329
0.5152252
0.9833586
0.9561618
0.728012
0.9627338
0.3371308
0.6550673
0.7294295
0.03410154
0.8225244
0.8519181
0.753454
0.3461187
0.8623076
0.7452507
0.3402822
0.05353826
0.17888
0.1541328
0.4086437
0.08930482
0.1291649
0.8126078
0.6433952
0.6128761
0.368337
0.398941
0.8730115
0.2587489
0.02690568
0.6006578
0.2463473
