0.3610483
0.4734089
0.2507342
0.4889521
0.5265333
0.4697783
0.4177469
0.4332535
0.374655
0.5748271
0.8787435
0.673377
0.2258225
0.4926943
0.629017
0.4384989
0.3680198
0.7482113
0.463405
0.5428779
0.5441437
0.5314265
0.5337816
0.7322535
0.591738
0.6763722
0.4730842
0.3061794
0.7006996
0.6082489
0.5615943
0.1847619
0.2210056
0.6482458
0.7142619
0.3753928
0.4568938
0.5383777
0.4382998
0.4247568
0.366822
0.6213486
0.567575
0.3976323
0.3107576
0.2917865
0.5755098
0.5089719
0.5007862
0.5293875
0.3057611
0.5182321
0.3750255
0.4813859
0.3657906
0.7692189
0.5833733
0.4819551
0.4275196
0.6546105
0.7233624
0.5926447
0.7248463
0.4010016
0.7002904
0.4309819
0.5335741
0.5259189
0.4405682
0.5514754
0.3347748
0.4574294
0.4039834
0.7682687
0.5555119
0.4435514
0.3950151
0.6705801
0.02827765
0.5930996
0.3613113
0.3796729
0.3792068
0.4673647
0.5945117
0.4406572
0.5270748
0.7250594
0.3726611
0.7158203
0.6394632
0.8030309
0.6068831
0.40402
0.6206764
0.6912464
0.3555799
0.252701
0.2476736
0.5267795
