0.3425582
0.5376724
0.6719109
0.6973218
0.1862745
0.5301646
0.2700265
0.1683554
0.06720546
0.3370225
0.5358573
0.8611036
0.6743378
0.3329423
0.8576927
0.835364
0.007333031
0.09614698
0.6836734
0.8686721
0.2743497
0.2528579
0.4477457
0.2683814
0.1179996
0.9036547
0.197522
0.1927449
0.01600107
0.01855932
0.01117522
0.328392
0.8467359
0.1384338
0.2477262
0.973364
0.9964077
0.1603272
0.7765709
0.2796865
0.5207086
0.009539133
0.1054084
0.4454218
0.7158252
0.01801055
0.574374
0.1828308
0.7210838
0.8628636
0.5430134
0.9511608
0.6744363
0.3477789
0.1931357
0.7084083
0.2962451
0.05724332
0.05079139
0.2036515
0.5541946
0.1533733
0.1079526
0.6902685
0.2526194
0.8557397
0.333389
0.4608363
0.8699933
0.2216727
0.9779839
0.2463396
0.3388668
0.1915097
0.4791664
0.5132941
0.4739229
0.6062754
0.7404999
0.9343597
0.1412955
0.4812671
0.4472791
0.236317
0.1217441
0.3606328
0.3189319
0.03862032
0.2309795
0.7848712
0.05833874
0.8127218
0.03718413
0.918136
0.2336123
0.1420475
0.5604929
0.009922649
0.6867623
0.8318926
