0.5172093
0.6963862
0.7357048
0.3297149
0.2896043
0.5590341
0.4881248
0.536828
0.6342248
0.4346258
0.2757054
0.3894186
0.5806006
0.3161914
0.2118375
0.7038941
0.4377951
0.4695328
0.4680299
0.4295787
0.5242393
0.545708
0.546913
0.3566917
0.5720064
0.4044827
0.294667
0.1105235
0.3395417
0.6224441
0.7323428
0.524331
0.654663
0.3489081
0.4115793
0.4562591
0.6893324
0.3191174
0.3457304
0.5001993
0.404927
0.7057084
0.5723841
0.4779703
0.6438891
0.4747539
0.6367595
0.5900388
0.763886
0.6525179
0.7595686
0.3119602
0.6851298
0.4529095
0.4463716
0.6628299
0.8677379
0.2455433
0.2822313
0.4191551
0.2211314
0.5400149
0.662895
0.6049365
0.6745863
0.3981073
0.539201
0.3637267
0.4043667
0.2656361
0.5117659
0.2074826
0.5053998
0.6402495
0.6141351
0.6801208
0.6366811
0.4711683
0.6072763
0.7248129
0.5237255
0.4556528
0.433875
0.511127
0.1564513
0.622214
0.5678976
0.5078205
0.5062407
0.6382451
0.2894129
0.4156092
0.7328398
0.5191357
0.7939334
0.6266698
0.470885
0.6575295
0.5903266
0.3717888
