0.829371
0.1765408
0.2747801
0.03443943
0.1935851
0.9151216
0.7621254
0.3730749
0.3173604
0.04397548
0.1703151
0.928
0.9719698
0.8832648
0.9419579
0.7342343
0.4619547
0.1640629
0.8202229
0.2683483
0.8429916
0.8362824
0.1011281
0.126844
0.1786245
0.611059
0.3620788
0.02931837
0.3128686
0.08258774
0.6162907
0.6214977
0.4891569
0.5065634
0.5162192
0.2627607
0.1405632
0.1153479
0.4146377
0.770715
0.9594591
0.6614776
0.3896117
0.8581889
0.8293983
0.2713853
0.1335067
0.02433826
0.4545271
0.368681
0.4856535
0.116376
0.6575994
0.7850969
0.5381979
0.6822751
0.1194147
0.6586539
0.8820847
0.3975639
0.6825292
0.5272888
0.6007337
0.7372834
0.885778
0.2832507
0.7261037
0.8639789
0.489345
0.8886488
0.5657535
0.4596087
0.8188591
0.274695
0.8827482
0.7373515
0.1742383
0.2370577
0.8431261
0.9630207
0.1816866
0.8998024
0.1493768
0.4511634
0.776875
0.8911094
0.04683684
0.5882539
0.2832966
0.856965
0.09027504
0.3341362
0.1391867
0.6449912
0.7360525
0.7604719
0.5115792
0.06704299
0.1736548
0.1771988
