0.3111374
0.4583645
0.4724913
0.5882564
0.6737363
0.4156846
0.7123532
0.3680298
0.4996825
0.2311616
0.5741151
0.5307234
0.3984754
0.4416166
0.5222967
0.5383552
0.6523658
0.54746
0.4008481
0.5280414
0.3918601
0.5996821
0.6459367
0.5547425
0.4647045
0.9071358
0.5921413
0.2752576
0.4686661
0.9794885
0.164628
0.5245045
0.3783763
0.3929016
0.5944373
0.35279
0.2728131
0.5274835
0.3654541
0.3272185
0.7145192
0.6009211
0.3980365
0.5817885
0.3793656
0.5391028
0.5398434
0.4639997
0.4525027
0.5189206
0.3587557
0.7294303
0.6943835
0.4837666
0.625331
0.6343335
0.4944488
0.3434586
0.396806
0.3076363
0.3634519
0.3380049
0.6112314
0.4104411
0.5564156
0.5424072
0.4607542
0.2626683
0.427282
0.2201724
0.3282208
0.6449777
0.3124912
0.558424
0.5080932
0.2355019
0.736123
0.3278815
0.337315
0.4028936
0.5144848
0.3483848
0.318892
0.8427893
0.6121553
0.6070502
0.5512688
0.4459533
0.3453936
0.5341378
0.5692209
0.2803397
0.2706
0.424835
0.5252689
0.5379259
0.6613159
0.5950278
0.900631
0.5774331
