0.2003071
0.9314285
0.4958523
0.9248588
0.80796
0.04746454
0.08412361
0.8358975
0.4847357
0.3838536
0.2848017
0.9736215
0.986081
0.08228711
0.7277197
0.6380071
0.433742
0.05149982
0.842244
0.5014823
0.6569656
0.4608833
0.3337008
0.4521706
0.40835
0.04604346
0.8311395
0.4946446
0.5638061
0.5239699
0.1659288
0.1179345
0.2152366
0.8715166
0.01955144
0.3803786
0.03145891
0.6403296
0.970067
0.4675411
0.1720578
0.02359553
0.04504391
0.3936798
0.535237
0.6304805
0.4189143
0.01105582
0.6645625
0.2647171
0.9154474
0.3135083
0.7393455
0.9894166
0.8303467
0.233391
0.8578332
0.8012919
0.1353529
0.2815477
0.2316409
0.8552341
0.009914523
0.6052064
0.9657107
0.5875011
0.6720088
0.833149
0.02327486
0.902329
0.2151009
0.6702144
0.6870085
0.9969483
0.7158687
0.6657292
0.7453108
0.6946949
0.8391104
0.560875
0.3674359
0.6356521
0.8904234
0.6198304
0.5625806
0.8900666
0.2157624
0.6627284
0.8723819
0.3952318
0.1388187
0.4272753
0.3796024
0.2711957
0.4042661
0.9806616
0.3192458
0.7563558
0.5547264
0.3375605
