0.5095083
0.6290073
0.6115889
0.5857997
0.6196106
0.4421703
0.4373326
0.3855422
0.5657042
0.2964816
0.6736192
0.4299682
0.6725727
0.3693457
0.578535
0.3834343
0.7921728
0.5394552
0.4495825
0.4284675
0.5406757
0.4330427
0.7886476
0.5199818
0.3820166
0.6109808
0.2778981
0.435909
0.613129
0.3997687
0.4245486
0.2893343
0.5090795
0.4283689
0.7092606
0.1606435
0.5409499
0.5581218
0.3073844
0.4053499
0.4947793
0.629966
0.3601691
0.4483247
0.4187214
0.6351381
0.6564765
0.6426704
0.2969323
0.7174423
0.6253866
0.6196404
0.482238
0.5085062
0.5115782
0.4248557
0.3627217
0.583115
0.5751792
0.6640854
0.5439607
0.5751206
0.4610007
0.6181991
0.6142683
-0.02809067
0.3846928
0.5076146
0.3497116
0.2276545
0.2544956
0.5072718
0.654401
0.2621963
0.7028756
0.4613566
0.8129154
0.5218937
0.5385756
0.8439232
0.6731135
0.5555705
0.1744429
0.614556
0.4809857
0.4550016
0.599296
0.5203206
0.7064152
0.564027
0.05818972
0.60921
0.8460937
0.6916357
0.3803948
0.5954084
0.3013397
0.5470829
0.5938345
0.3396622
