0.5718706
0.735825
0.1292359
0.7414467
0.5562316
0.9711905
0.261685
0.9458553
0.8747864
0.08885679
0.7299514
0.5017005
0.9739127
0.515797
0.08472746
0.7419052
0.09945192
0.9872275
0.3665381
0.7026213
0.5753098
0.1482599
0.4328739
0.4433718
0.9360495
0.3561856
0.4535995
0.749323
0.2575999
0.3039963
0.529955
0.6058156
0.6188553
0.443644
0.9798556
0.2515113
0.5198608
0.1636387
0.6422459
0.5089376
0.3216203
0.8229141
0.2309737
0.1847764
0.3429296
0.5859305
0.6545086
0.5317258
0.09546062
0.9949773
0.2551847
0.07469498
0.8427655
0.988711
0.6143013
0.6439368
0.9967905
0.484352
0.881417
0.2167596
0.3393782
0.76269
0.247262
0.02790985
0.1274243
0.6487716
0.8137081
0.03531268
0.1292172
0.9796177
0.3282925
0.1773828
0.9462122
0.9324561
0.48644
0.2202077
0.587276
0.851073
0.01538956
0.2489005
0.4550035
0.9303633
0.3309118
0.09367452
0.4539183
0.1169399
0.8408989
0.4484939
0.7287554
0.6461475
0.1661365
0.1130107
0.2522754
0.1868025
0.8010607
0.8841289
0.7164534
0.198299
0.4846568
0.05623595
