0.4680169
0.4286571
0.5144089
0.195986
0.3051839
0.2271562
0.5776105
0.4349139
0.4579936
0.5725463
0.6478119
0.7955639
0.3106989
0.5132984
0.4934604
0.6147449
0.5862476
0.3472525
0.4269199
0.5890978
0.7225853
0.4148723
0.8228099
0.5650551
0.6824181
0.3471272
0.5479239
0.6614799
0.387542
0.1538592
0.7008113
0.7544142
0.3672414
0.6186401
0.5299084
0.4613803
0.4451285
0.3632949
0.5160373
0.6771189
0.4994867
0.5428362
0.1967557
0.3539091
0.1442347
0.4798245
0.3495532
0.5854246
0.3269801
0.4174834
0.8168769
0.4600077
0.8116876
0.4079028
0.527199
0.5811595
0.6380017
0.6806391
0.4745061
0.3034352
0.545083
0.3758079
0.607873
0.2884934
0.5887822
0.7463154
0.7211833
0.5426571
0.5510593
0.4898391
0.6030928
0.4627311
0.5376153
0.6257801
0.668188
0.8468197
0.3533261
0.3729447
0.5792262
0.3627708
0.3273098
0.4444527
0.4463935
0.2272163
0.4126592
0.5850633
0.5635153
0.387219
0.4505896
0.5903114
0.5222527
0.1585828
0.6297751
0.5923011
0.5447648
0.2964904
0.6380931
0.6490858
0.604936
0.5366394
