0.5098919
0.03837549
0.0447869
0.5157462
0.06200702
0.5508716
0.4429618
0.5562714
0.304565
0.5907313
0.6717203
0.1500792
0.1285672
0.8400337
0.2584478
0.1038723
0.1614816
0.9352227
0.7812078
0.8946247
0.2785725
0.7866828
0.913895
0.03580643
0.1032714
0.4612209
0.3909927
0.930143
0.7965837
0.7877037
0.1795675
0.4527307
0.4410815
0.06737609
0.808221
0.03756842
0.05027831
0.3710577
0.153797
0.175537
0.6784694
0.5268761
0.1084988
0.30682
0.1875673
0.2119315
0.1495224
0.4650051
0.8826543
0.5308583
0.7976149
0.1967897
0.879123
0.2779208
0.4263634
0.8520276
0.03663885
0.2124069
0.2962602
0.1652071
0.9811363
0.7075409
0.3618036
0.9593368
0.9022236
0.9370946
0.6157114
0.8458125
0.8887963
0.372346
0.8676792
0.5311037
0.1836017
0.3559321
0.6678187
0.9927699
0.518029
0.5473717
0.805592
0.4027543
0.9823197
0.0864595
0.5712289
0.5370452
0.5113255
0.5429853
0.6535059
0.5623178
0.4389829
0.7811942
0.7930993
0.6376884
0.1018099
0.9459035
0.0459477
0.2973223
0.9318204
0.07465694
0.8961942
0.6839551
