0.6960386
0.2769157
0.6315924
0.2927425
0.5414656
0.4090993
0.3405725
0.6012122
0.5200512
0.2191377
0.7682472
0.4679226
0.511087
0.5316766
0.3187808
0.4198401
1.013435
0.5135491
0.4093436
0.6318723
0.5630185
0.1607161
0.4766023
0.4685015
0.6421868
0.4390535
0.5220478
0.4221037
0.5424809
0.6819242
0.7493196
0.4836091
0.6357836
0.4587091
0.5359105
0.5672785
0.4888233
0.63521
0.4278819
0.7549889
0.6291939
0.6629549
0.3209317
0.425263
0.7379092
0.4434985
0.4237646
0.6257075
0.447787
0.3888684
0.3978778
0.3047741
0.6711615
0.5975876
0.4143665
0.2601848
0.5448629
0.4362004
0.8671535
0.5623597
0.4184106
0.6217727
0.3438909
0.5378215
0.2866675
0.5365773
0.4451466
0.5120909
0.6620302
0.4795525
0.5167635
0.1919902
0.4307699
0.3504497
0.502961
0.4483777
0.5568406
0.6252352
0.5577202
0.2151847
0.554729
0.5932006
0.5428344
0.8148707
0.2318379
0.1180713
0.6034295
0.7670404
0.6109928
0.5313988
0.4766458
0.6038163
0.3209876
0.5322904
0.4948606
0.8323264
0.2337091
0.262273
0.5501133
0.7120454
