0.8903738
0.7521764
0.7158954
0.1215079
0.8824298
0.6713526
0.865952
0.1508395
0.5564334
0.7338071
0.3729486
0.02996252
0.9080845
0.2190143
0.296786
0.5954576
0.7842607
0.4575659
0.3646021
0.6630687
0.2750261
0.7314457
0.7412401
0.1833693
0.8635245
0.4998146
0.6089276
0.6809777
0.434614
0.342112
0.08847249
0.9933623
0.08576806
0.7346539
0.832156
0.6198361
0.5695024
0.575241
0.486691
0.8660049
0.6431764
0.2222736
0.1250017
0.6696455
0.08217402
0.1672722
0.3706759
0.4108021
0.2040988
0.4810645
0.3871089
0.33988
0.4988898
0.6986011
0.7060152
0.436439
0.224438
0.8387359
0.3164491
0.3739664
0.5752998
0.1749117
0.2073719
0.5784868
0.8935336
0.472947
0.9937977
0.7281541
0.4867678
0.7492928
0.8027431
0.226275
0.1708037
0.2593459
0.5710876
0.4525711
0.3019526
0.3200428
0.8639249
0.8731277
0.09477918
0.5047312
0.6604983
0.383705
0.489522
0.9178276
0.3690716
0.1081153
0.125012
0.06970066
0.9144594
0.3274328
0.8805625
0.02590054
0.2037606
0.6696683
0.07289161
0.5542133
0.7795973
0.8851247
