0.4699702
0.6605372
0.5406818
0.4218046
0.6942427
0.4123919
0.6987411
0.5352633
0.5557059
0.547952
0.701746
0.5552388
0.5247135
0.6418242
0.5562233
0.271509
0.3333316
0.4666212
0.3819632
0.2176957
0.4229753
0.5331452
0.6455836
0.3843956
0.2971322
0.455587
0.5633296
0.6585131
0.5521353
0.6023984
0.4654
0.5287116
0.3172863
0.279434
0.426326
0.4268479
0.3618025
0.5869635
0.5290716
0.2622921
0.4371391
0.6458256
0.5579862
0.5049897
0.6299126
0.7131389
0.4868112
0.5188349
0.7490407
0.3890475
0.2775339
0.5699696
0.6109716
0.5492436
0.4570672
0.4365761
0.5205361
0.4794682
0.8610635
0.2287653
0.249845
0.5855829
0.7459589
0.4981494
0.3271506
0.3411301
0.5767473
0.4276671
0.6994587
0.5587568
0.4028049
0.664667
0.369422
0.6370284
0.3630741
0.5407181
0.4050752
0.6902443
0.7392574
0.5622926
0.2584321
0.6567251
0.3532188
0.5324726
0.3467836
0.6203776
0.5888002
0.6120331
0.3088741
0.4142995
0.5317394
0.9096214
0.3969611
0.4190069
0.5805588
0.9159146
0.3331467
0.6078155
0.2794439
0.559039
