0.9727197
0.2687261
0.4721426
0.09326721
0.9855346
0.6926462
0.4813741
0.3837339
0.315358
0.5977953
0.1429276
0.2185569
0.8211448
0.6686161
0.8491852
0.574069
0.7862496
0.5035179
0.05496647
0.3190568
0.8924017
0.7893456
0.3529154
0.06293737
0.5735435
0.7682443
0.6170552
0.69705
0.3078785
0.5760819
0.7200427
0.7697909
0.1257606
0.5167371
0.6204701
0.06439452
0.7836937
0.8377362
0.6935033
0.7411865
0.01845956
0.8872939
0.272149
0.8873071
0.8079027
0.08237213
0.8676461
0.8444632
0.4751797
0.4590133
0.2339071
0.7667011
0.7199103
0.3207304
0.812982
0.1791517
0.6716411
0.7489285
0.595065
0.9825505
0.7872886
0.3376105
0.8604814
0.101041
0.5411219
0.9412634
0.8102472
0.5535748
0.1417938
0.7540846
0.9575366
0.714767
0.4198261
0.7310345
0.6811969
0.2441278
0.8337651
0.6567332
0.631373
0.1716961
0.8857547
0.6719506
0.08170834
0.06389723
0.945671
0.1728091
0.52813
0.8550219
0.74744
0.3297714
0.6786502
0.2884428
0.3459817
0.1718703
0.1558505
0.3940828
0.9341848
0.2293611
0.1408784
0.5416816
